image: loop.pgm
resolution: 0.200000
origin: [-30.000000, -81.200000, 0.000000]
negate: 0
occupied_thresh: 0.65
free_thresh: 0.196

