image: map.pgm
resolution: 0.200000
origin: [-30.000000, -87.600000, 0.000000]
negate: 0
occupied_thresh: 0.65
free_thresh: 0.196

